/* This file was created using Dib2GB version 1.0
 * total tile count count is 163
 */

#include "bitmap.h"

const unsigned char _data[] = {
	0,0,1,1,3,3,7,7,15,15,31,31,63,63,0,0,
	0,0,63,63,31,31,15,15,7,7,3,3,1,1,0,0,
	1,1,3,3,7,6,15,12,31,24,63,48,127,96,255,192,
	128,128,128,128,128,128,128,128,255,255,255,0,255,0,255,0,
	0,0,0,0,0,0,0,0,255,255,255,1,255,1,255,1,
	255,192,127,96,63,48,31,24,15,12,7,6,3,3,1,1,
	255,0,255,0,255,0,255,255,128,128,128,128,128,128,128,128,
	255,1,255,1,255,1,255,255,0,0,0,0,0,0,0,0,
	0,0,0,0,1,1,6,6,8,8,16,16,16,16,32,32,
	15,15,240,240,0,0,0,0,0,0,0,0,0,0,2,2,
	128,128,120,120,4,4,3,3,0,0,0,0,0,0,0,0,
	0,0,0,0,0,0,0,0,128,128,64,64,64,64,32,32,
	64,64,64,64,64,64,64,64,128,128,128,128,128,128,128,128,
	7,7,2,2,2,2,2,2,2,2,2,2,2,2,1,1,
	0,0,0,0,0,0,0,0,0,0,0,0,0,0,0,0,
	16,16,16,16,16,16,16,16,8,8,8,8,8,8,8,8,
	64,64,64,64,64,64,64,64,32,32,16,16,16,16,8,8,
	128,128,64,64,32,32,16,16,10,10,6,6,14,14,0,0,
	16,16,16,16,16,16,16,16,32,32,64,64,64,64,128,128,
	6,6,1,1,0,0,0,0,0,0,255,255,0,0,0,0,
	0,0,0,0,240,240,15,15,0,0,255,255,0,0,0,0,
	3,3,4,4,120,120,128,128,0,0,255,255,0,0,0,0,
	0,0,0,0,0,0,0,0,16,16,248,248,16,16,0,0,
	0,0,12,12,12,12,12,12,15,15,60,60,124,124,108,108,
	0,0,96,96,96,96,96,96,226,226,126,126,126,126,110,110,
	236,236,236,236,252,252,252,252,252,252,126,126,63,63,31,31,
	102,102,102,102,98,98,98,98,96,96,96,96,224,224,224,224,
	15,15,15,15,12,12,12,12,12,12,140,140,140,140,204,204,
	240,240,252,252,254,254,126,126,127,127,111,111,103,103,103,103,
	204,204,236,236,252,252,252,252,143,143,12,12,12,12,12,12,
	103,103,102,102,108,108,120,120,240,240,96,96,96,96,96,96,
	1,1,7,7,14,14,28,28,56,56,112,112,240,240,240,240,
	240,240,29,29,15,15,7,7,2,2,2,2,0,0,0,0,
	1,1,1,1,127,127,127,127,255,255,7,7,7,7,7,7,
	224,224,224,224,255,255,255,255,255,255,192,192,192,192,192,192,
	0,0,0,0,192,192,128,128,128,128,0,0,0,0,0,0,
	7,7,127,127,127,127,255,255,7,7,7,7,7,7,7,7,
	192,192,255,255,255,255,255,255,128,128,128,128,128,128,128,128,
	0,0,128,128,128,128,0,0,0,0,0,0,0,0,0,0,
	7,7,7,7,7,7,3,3,3,3,1,1,0,0,0,0,
	128,128,128,128,192,192,128,128,192,192,224,224,240,240,63,63,
	0,0,0,0,8,8,16,16,48,48,96,96,192,192,128,128,
	0,0,0,0,0,0,0,0,0,0,1,1,3,3,6,6,
	0,0,132,132,68,68,71,71,65,65,193,193,31,31,48,48,
	4,4,6,6,2,2,1,1,1,1,1,1,3,3,2,2,
	16,16,24,24,28,28,20,20,148,148,148,148,148,148,148,148,
	2,2,2,2,2,2,2,2,2,2,6,6,14,14,26,26,
	148,148,148,148,148,148,148,148,247,247,247,247,148,148,148,148,
	0,0,0,0,0,0,0,0,254,254,254,254,6,6,14,14,
	48,48,96,96,255,255,255,255,192,192,192,192,206,206,202,202,
	132,132,0,0,255,255,255,255,0,0,0,0,28,28,20,20,
	30,30,54,54,230,230,231,231,103,103,102,102,108,108,120,120,
	0,0,0,0,0,0,255,255,255,255,7,7,15,15,27,27,
	206,206,192,192,192,192,192,192,192,192,206,206,202,202,206,206,
	28,28,0,0,0,0,0,0,0,0,28,28,20,20,28,28,
	112,112,127,127,127,127,0,0,0,0,0,0,0,0,0,0,
	51,51,227,227,195,195,195,195,195,195,195,195,195,195,195,195,
	192,192,192,192,192,192,192,192,192,192,192,192,255,255,255,255,
	0,0,0,0,0,0,0,0,0,0,0,0,255,255,255,255,
	0,0,120,120,72,72,72,72,72,72,72,72,255,255,255,255,
	195,195,198,198,204,204,216,216,240,240,224,224,192,192,128,128,
	1,1,1,1,1,1,1,1,1,1,1,1,1,1,1,1,
	255,255,0,0,0,0,0,0,0,0,0,0,0,0,0,0,
	240,240,16,16,16,16,16,16,16,16,16,16,16,16,16,16,
	1,1,1,1,1,1,255,255,255,128,255,128,255,128,255,128,
	0,0,0,0,0,0,255,255,255,0,255,0,255,0,255,0,
	0,0,0,0,0,0,248,248,248,8,248,8,248,8,248,8,
	16,16,16,16,16,16,16,16,16,16,16,16,16,16,16,16,
	255,128,255,128,255,128,255,128,255,128,255,128,255,128,255,128,
	255,0,255,0,255,0,255,0,255,0,255,0,255,0,255,0,
	248,8,248,8,248,8,248,8,248,8,248,8,248,8,248,8,
	248,8,248,8,248,8,248,8,255,15,248,8,248,8,248,8,
	16,16,16,16,16,16,16,16,240,240,0,0,0,0,0,0,
	255,128,255,128,255,128,255,128,255,128,255,128,255,128,255,255,
	255,0,255,0,255,0,255,0,255,0,255,0,255,0,255,255,
	248,8,248,8,248,8,248,8,248,8,248,8,248,8,248,248,
	0,0,0,0,0,0,1,1,3,3,7,7,15,15,30,30,
	48,48,120,120,252,252,254,254,207,207,135,135,3,3,1,1,
	0,0,0,0,0,0,0,0,0,0,128,128,192,192,224,224,
	60,60,120,120,240,240,224,224,192,192,128,128,1,1,3,3,
	0,0,0,0,0,0,0,0,12,12,14,14,7,7,129,129,
	240,240,120,120,60,60,30,30,15,15,15,15,30,30,252,252,
	60,60,120,120,240,240,224,224,192,192,128,128,6,6,7,7,
	3,3,1,1,0,0,0,0,24,24,28,28,14,14,3,3,
	192,192,224,224,241,241,123,123,63,63,31,31,30,30,60,60,
	248,248,240,240,224,224,192,192,128,128,0,0,0,0,0,0,
	60,60,120,120,240,240,224,224,192,192,128,128,0,0,4,4,
	7,7,3,3,1,1,0,0,48,48,56,56,28,28,6,6,
	129,129,192,192,225,225,243,243,127,127,63,63,30,30,60,60,
	60,60,120,120,240,240,240,240,120,120,60,60,30,30,15,15,
	14,14,15,15,7,7,3,3,1,1,48,48,56,56,28,28,
	3,3,1,1,129,129,195,195,231,231,255,255,126,126,60,60,
	7,7,3,3,1,1,0,0,0,0,0,0,0,0,0,0,
	134,134,195,195,225,225,243,243,127,127,63,63,30,30,12,12,
	120,120,240,240,224,224,192,192,128,128,0,0,0,0,0,0,
	255,255,255,255,255,192,255,192,255,192,255,192,255,192,255,192,
	255,255,255,255,252,12,252,12,252,12,252,12,252,12,252,12,
	255,255,255,255,0,0,0,0,0,0,0,0,0,0,0,0,
	255,255,255,255,3,3,3,3,3,3,3,3,3,3,3,3,
	255,192,255,192,255,192,255,192,255,192,255,192,255,192,255,192,
	252,12,252,12,252,12,252,12,252,12,252,12,252,12,252,12,
	3,3,3,3,3,3,3,3,3,3,3,3,3,3,3,3,
	252,12,252,12,255,15,255,15,252,12,252,12,252,12,252,12,
	0,0,0,0,255,255,255,255,0,0,0,0,0,0,0,0,
	3,3,3,3,255,255,255,255,3,3,3,3,3,3,3,3,
	255,192,255,192,255,192,255,192,255,192,255,192,255,255,255,255,
	252,12,252,12,252,12,252,12,252,12,252,12,255,255,255,255,
	3,3,3,3,3,3,3,3,3,3,3,3,255,255,255,255,
	1,1,6,6,4,4,4,4,4,4,4,4,4,4,4,4,
	128,128,96,96,32,32,32,32,32,32,32,32,32,32,32,32,
	4,4,4,4,4,4,4,4,4,4,4,4,4,4,4,4,
	32,32,32,32,32,32,32,32,32,32,32,32,32,32,32,32,
	4,4,4,4,7,4,7,4,7,4,7,4,7,4,7,4,
	32,32,32,32,224,32,224,32,224,32,224,32,224,32,224,32,
	7,4,7,4,7,4,7,4,7,4,7,4,15,12,31,16,
	224,32,224,32,224,32,224,32,224,32,224,32,240,48,248,8,
	31,16,63,32,63,32,63,32,31,16,31,16,15,14,1,1,
	248,8,252,4,252,4,252,4,248,8,248,8,240,112,128,128,
	255,255,255,0,255,0,255,0,255,0,255,0,255,0,255,0,
	240,240,240,16,240,16,240,16,240,16,240,16,240,16,240,16,
	1,1,1,1,1,1,255,255,128,128,128,128,128,128,128,128,
	255,0,255,0,255,0,255,255,0,0,0,0,0,0,0,0,
	255,0,255,0,255,0,255,248,15,8,15,8,15,8,15,8,
	240,16,240,16,240,16,240,16,240,16,240,16,240,16,240,16,
	128,128,128,128,128,128,128,128,128,128,128,128,128,128,128,128,
	15,8,15,8,15,8,15,8,15,8,15,8,15,8,15,8,
	15,8,15,8,15,8,15,8,15,15,8,8,8,8,8,8,
	240,16,240,16,240,16,240,16,240,240,0,0,0,0,0,0,
	128,128,128,128,128,128,128,128,128,128,128,128,128,128,255,255,
	0,0,0,0,0,0,0,0,0,0,0,0,0,0,255,255,
	8,8,8,8,8,8,8,8,8,8,8,8,8,8,248,248,
	128,128,192,192,224,96,240,48,248,24,252,12,254,6,255,3,
	255,248,15,8,15,8,15,8,15,8,15,8,15,8,15,8,
	255,31,240,16,240,16,240,16,240,16,240,16,240,16,240,16,
	15,8,15,8,15,8,15,8,15,8,15,8,15,8,255,248,
	240,16,240,16,240,16,240,16,240,16,240,16,240,16,255,31,
	255,3,254,6,252,12,248,24,240,48,224,96,192,192,128,128,
	96,96,28,28,7,7,0,0,0,0,0,0,0,0,0,0,
	0,0,0,0,0,0,128,128,64,64,64,64,32,32,16,16,
	56,56,7,7,0,0,0,0,0,0,0,0,0,0,240,240,
	0,0,192,192,48,48,12,12,3,3,0,0,0,0,0,0,
	8,8,8,8,8,8,4,4,4,4,132,132,66,66,66,66,
	15,15,0,0,0,0,1,1,1,1,1,1,255,255,255,128,
	128,128,120,120,6,6,1,1,192,192,240,48,252,12,255,3,
	34,34,18,18,10,10,137,137,73,73,41,41,37,37,21,21,
	255,128,255,128,255,255,1,1,1,1,1,1,0,0,15,15,
	255,1,254,6,248,24,224,96,129,129,6,6,120,120,128,128,
	149,149,37,37,41,41,73,73,137,137,10,10,18,18,34,34,
	240,240,0,0,0,0,0,0,0,0,0,0,7,7,56,56,
	0,0,0,0,0,0,3,3,12,12,48,48,192,192,0,0,
	66,66,66,66,132,132,4,4,4,4,8,8,8,8,8,8,
	0,0,0,0,0,0,0,0,0,0,15,15,56,56,192,192,
	16,16,32,32,64,64,64,64,128,128,0,0,0,0,0,0,
	255,255,255,255,192,192,192,192,192,192,192,192,192,192,192,192,
	255,255,255,255,12,12,12,12,12,12,12,12,12,12,12,12,
	192,192,192,192,192,192,192,192,192,192,192,192,192,192,192,192,
	12,12,12,12,12,12,12,12,12,12,12,12,12,12,12,12,
	12,12,12,12,15,15,15,15,15,12,15,12,15,12,15,12,
	0,0,0,0,255,255,255,255,255,0,255,0,255,0,255,0,
	3,3,3,3,255,255,255,255,255,3,255,3,255,3,255,3,
	15,12,15,12,15,12,15,12,15,12,15,12,255,255,255,255,
	255,0,255,0,255,0,255,0,255,0,255,0,255,255,255,255,
	255,3,255,3,255,3,255,3,255,3,255,3,255,255,255,255
};
const unsigned char _map[] = {
	0,1,2,3,4,5,6,7,8,9,10,11,12,13,14,15,
	16,14,17,18,19,20,21,22,23,24,25,26,27,28,29,30,
	14,31,32,33,34,35,36,37,38,39,40,41,42,43,14,14,
	44,45,14,14,46,47,48,14,49,50,51,52,53,54,55,56,
	57,58,59,60,61,62,62,63,64,65,66,67,68,69,70,67,
	68,69,70,67,68,69,71,72,73,74,75,14,14,14,14,76,
	77,78,14,14,76,79,80,81,14,76,82,83,84,85,76,86,
	87,88,85,14,89,90,91,85,14,14,92,93,94,14,14,14,
	95,96,97,97,98,99,100,14,14,101,99,100,14,14,101,99,
	102,103,103,104,105,106,58,58,107,108,109,110,111,110,111,112,
	113,114,115,116,117,61,118,118,119,120,121,122,123,124,14,125,
	123,124,14,125,123,124,14,126,127,128,129,130,14,14,2,131,
	132,133,125,123,125,123,134,135,5,136,14,137,138,139,140,141,
	142,143,144,145,146,147,148,149,150,14,151,152,153,154,97,97,
	98,155,156,14,14,101,155,156,14,14,101,155,157,158,158,159,
	57,160,161,161,162
};
const bitmap _ptr = {1, 2, 0};
const bitmap _return = {3, 2, 2};
const bitmap _clock = {4, 4, 8};
const bitmap _dollar = {2, 4, 24};
const bitmap _euro = {3, 4, 32};
const bitmap _factory = {4, 6, 44};
const bitmap _foreground = {4, 6, 68};
const bitmap _units = {6, 6, 92};
const bitmap _vario = {5, 5, 128};
const bitmap _thermometer = {2, 6, 153};
const bitmap _background = {4, 6, 165};
const bitmap _blank = {1, 1, 189};
const bitmap _calibrate = {2, 6, 190};
const bitmap _airspeed = {3, 6, 202};
const bitmap _altitude = {5, 5, 220};
