/* This file was created using Dib2GB version 1.0
 * total tile count count is 141
 */

#include "bitmap.h"

const unsigned char _data[] = {
	0,0,0,0,1,1,3,3,3,3,7,7,7,7,15,15,
	63,63,127,127,241,241,224,224,192,192,192,192,192,192,192,192,
	0,0,128,128,224,224,224,224,240,240,248,248,248,248,252,252,
	15,15,31,31,31,31,31,31,31,31,31,31,31,31,31,31,
	192,192,192,192,192,192,192,192,192,192,192,192,192,192,192,192,
	252,252,252,252,252,252,252,252,254,254,254,254,254,254,254,254,
	31,31,63,63,63,63,63,63,63,63,63,63,63,63,63,63,
	254,254,255,255,255,255,255,255,255,255,255,255,255,255,255,255,
	63,63,63,63,63,63,63,63,63,63,63,63,31,31,31,31,
	255,255,255,255,255,255,255,255,255,255,255,255,254,254,254,254,
	31,31,31,31,31,31,31,31,31,31,31,31,15,15,15,15,
	254,254,254,254,254,254,252,252,252,252,252,252,252,252,252,252,
	7,7,7,7,3,3,3,3,1,1,0,0,0,0,0,0,
	192,192,192,192,192,192,224,224,241,241,127,127,63,63,0,0,
	248,248,248,248,240,240,224,224,192,192,128,128,0,0,0,0,
	0,0,0,0,0,0,0,0,0,0,0,0,3,3,7,7,
	0,0,0,0,3,3,15,15,63,63,255,255,255,255,255,255,
	0,0,128,128,128,128,128,128,128,128,128,128,128,128,128,128,
	12,12,0,0,0,0,0,0,0,0,0,0,0,0,0,0,
	127,127,63,63,63,63,63,63,63,63,63,63,63,63,63,63,
	128,128,128,128,128,128,128,128,128,128,128,128,128,128,128,128,
	0,0,0,0,0,0,0,0,0,0,0,0,0,0,0,0,
	63,63,63,63,63,63,63,63,63,63,63,63,63,63,63,63,
	0,0,0,0,0,0,0,0,0,0,0,0,15,15,0,0,
	63,63,63,63,63,63,63,63,127,127,255,255,255,255,0,0,
	128,128,128,128,128,128,128,128,192,192,224,224,252,252,0,0,
	0,0,0,0,0,0,3,3,3,3,7,7,15,15,15,15,
	0,0,63,63,255,255,255,255,255,255,255,255,255,255,255,255,
	0,0,0,0,192,192,224,224,224,224,240,240,248,248,252,252,
	31,31,30,30,56,56,48,48,32,32,32,32,0,0,0,0,
	255,255,15,15,7,7,3,3,1,1,1,1,0,0,0,0,
	252,252,252,252,252,252,252,252,252,252,252,252,252,252,252,252,
	0,0,0,0,0,0,0,0,0,0,1,1,1,1,1,1,
	252,252,252,252,252,252,248,248,248,248,240,240,240,240,224,224,
	1,1,3,3,3,3,7,7,7,7,7,7,14,14,28,28,
	224,224,192,192,192,192,128,128,0,0,0,0,0,0,0,0,
	0,0,0,0,0,0,0,0,0,0,1,1,3,3,3,3,
	24,24,56,56,48,48,96,96,192,192,192,192,255,255,255,255,
	0,0,0,0,1,1,3,3,3,3,6,6,254,254,254,254,
	7,7,7,7,15,15,31,31,31,31,63,63,127,127,0,0,
	255,255,255,255,255,255,255,255,255,255,255,255,255,255,0,0,
	254,254,254,254,252,252,252,252,252,252,252,252,252,252,0,0,
	0,0,0,0,1,1,3,3,7,7,14,14,12,12,24,24,
	31,31,127,127,255,255,255,255,255,255,15,15,7,7,7,7,
	128,128,224,224,240,240,248,248,248,248,252,252,252,252,252,252,
	16,16,0,0,0,0,0,0,0,0,0,0,0,0,0,0,
	3,3,1,1,1,1,1,1,1,1,1,1,1,1,3,3,
	252,252,252,252,252,252,252,252,252,252,248,248,240,240,224,224,
	3,3,7,7,15,15,31,31,63,63,255,255,63,63,31,31,
	128,128,192,192,224,224,240,240,248,248,252,252,252,252,254,254,
	15,15,7,7,3,3,3,3,1,1,0,0,0,0,0,0,
	254,254,254,254,255,255,255,255,255,255,255,255,255,255,255,255,
	0,0,0,0,0,0,0,0,24,24,60,60,126,126,127,127,
	255,255,255,255,254,254,254,254,254,254,254,254,252,252,252,252,
	127,127,127,127,127,127,63,63,31,31,15,15,3,3,0,0,
	129,129,195,195,255,255,255,255,255,255,255,255,252,252,0,0,
	248,248,240,240,224,224,192,192,128,128,0,0,0,0,0,0,
	0,0,0,0,0,0,0,0,1,1,1,1,3,3,3,3,
	0,0,120,120,248,248,248,248,248,248,248,248,248,248,248,248,
	7,7,7,7,15,15,31,31,31,31,63,63,55,55,119,119,
	248,248,248,248,248,248,248,248,248,248,248,248,248,248,248,248,
	0,0,0,0,0,0,1,1,1,1,3,3,7,7,6,6,
	103,103,231,231,199,199,199,199,135,135,7,7,7,7,7,7,
	14,14,12,12,28,28,24,24,48,48,48,48,63,63,63,63,
	7,7,7,7,7,7,7,7,7,7,7,7,255,255,255,255,
	248,248,248,248,248,248,248,248,248,248,248,248,255,255,255,255,
	63,63,63,63,63,63,63,63,63,63,0,0,0,0,0,0,
	255,255,255,255,255,255,255,255,255,255,7,7,7,7,7,7,
	255,255,255,255,255,255,255,255,255,255,248,248,248,248,248,248,
	7,7,7,7,7,7,7,7,7,7,7,7,7,7,0,0,
	248,248,248,248,248,248,248,248,248,248,248,248,248,248,0,0,
	0,0,1,1,1,1,3,3,3,3,3,3,3,3,7,7,
	0,0,255,255,255,255,255,255,255,255,255,255,255,255,255,255,
	0,0,255,255,255,255,254,254,254,254,254,254,252,252,252,252,
	7,7,7,7,4,4,12,12,12,12,12,12,15,15,31,31,
	255,255,255,255,0,0,0,0,0,0,0,0,192,192,248,248,
	252,252,252,252,0,0,0,0,0,0,0,0,0,0,0,0,
	31,31,31,31,63,63,63,63,63,63,63,63,63,63,63,63,
	255,255,255,255,255,255,255,255,255,255,255,255,255,255,255,255,
	0,0,128,128,224,224,224,224,240,240,248,248,252,252,252,252,
	127,127,15,15,7,7,1,1,0,0,0,0,0,0,0,0,
	252,252,254,254,254,254,255,255,255,255,255,255,127,127,63,63,
	0,0,0,0,0,0,0,0,0,0,0,0,28,28,31,31,
	31,31,31,31,31,31,30,30,30,30,30,30,28,28,28,28,
	63,63,63,63,63,63,31,31,31,31,15,15,3,3,0,0,
	128,128,192,192,192,192,224,224,248,248,255,255,255,255,0,0,
	28,28,24,24,56,56,48,48,224,224,192,192,0,0,0,0,
	0,0,0,0,1,1,7,7,15,15,31,31,63,63,126,126,
	63,63,252,252,240,240,224,224,128,128,0,0,0,0,0,0,
	0,0,1,1,3,3,3,3,7,7,7,7,7,7,15,15,
	252,252,248,248,248,248,248,248,240,240,240,240,224,224,224,224,
	15,15,31,31,31,31,31,31,31,31,31,31,63,63,63,63,
	192,192,192,192,192,192,255,255,255,255,195,195,193,193,192,192,
	0,0,0,0,0,0,192,192,224,224,248,248,252,252,252,252,
	252,252,254,254,254,254,254,254,255,255,127,127,127,127,127,127,
	63,63,63,63,31,31,31,31,31,31,31,31,31,31,15,15,
	127,127,127,127,127,127,127,127,126,126,126,126,126,126,124,124,
	224,224,224,224,224,224,240,240,249,249,127,127,63,63,0,0,
	124,124,124,124,248,248,240,240,224,224,192,192,0,0,0,0,
	0,0,7,7,7,7,15,15,15,15,15,15,15,15,15,15,
	31,31,31,31,30,30,24,24,16,16,48,48,32,32,0,0,
	255,255,255,255,0,0,0,0,0,0,0,0,0,0,0,0,
	252,252,252,252,28,28,56,56,56,56,56,56,112,112,112,112,
	0,0,0,0,0,0,0,0,0,0,0,0,0,0,1,1,
	112,112,224,224,224,224,224,224,224,224,224,224,192,192,192,192,
	1,1,1,1,3,3,3,3,3,3,7,7,7,7,7,7,
	192,192,128,128,128,128,128,128,128,128,0,0,0,0,0,0,
	7,7,6,6,14,14,14,14,12,12,28,28,28,28,28,28,
	24,24,56,56,56,56,56,56,56,56,56,56,56,56,0,0,
	0,0,0,0,3,3,3,3,7,7,15,15,15,15,31,31,
	63,63,255,255,241,241,224,224,192,192,192,192,192,192,128,128,
	128,128,224,224,240,240,248,248,252,252,124,124,124,124,126,126,
	31,31,31,31,31,31,31,31,31,31,31,31,31,31,31,31,
	128,128,128,128,128,128,128,128,192,192,224,224,240,240,248,248,
	126,126,126,126,126,126,126,126,126,126,126,126,124,124,124,124,
	15,15,15,15,15,15,7,7,3,3,3,3,1,1,0,0,
	252,252,255,255,255,255,255,255,255,255,255,255,255,255,255,255,
	252,252,248,248,240,240,224,224,192,192,224,224,224,224,240,240,
	0,0,1,1,3,3,7,7,15,15,31,31,31,31,31,31,
	255,255,255,255,239,239,199,199,199,199,131,131,129,129,129,129,
	248,248,252,252,252,252,252,252,254,254,254,254,255,255,255,255,
	63,63,63,63,63,63,63,63,63,63,63,63,63,63,31,31,
	255,255,255,255,255,255,255,255,127,127,127,127,126,126,126,126,
	31,31,31,31,31,31,15,15,3,3,3,3,0,0,0,0,
	128,128,128,128,192,192,192,192,225,225,255,255,127,127,0,0,
	126,126,252,252,252,252,248,248,240,240,224,224,0,0,0,0,
	0,0,0,0,0,0,1,1,3,3,7,7,15,15,31,31,
	0,0,63,63,255,255,199,199,195,195,193,193,129,129,129,129,
	0,0,0,0,128,128,192,192,224,224,240,240,248,248,252,252,
	31,31,31,31,31,31,63,63,63,63,63,63,63,63,63,63,
	252,252,252,252,254,254,254,254,254,254,254,254,255,255,255,255,
	63,63,63,63,63,63,63,63,31,31,31,31,31,31,31,31,
	128,128,128,128,128,128,192,192,192,192,192,192,192,192,192,192,
	15,15,15,15,7,7,3,3,0,0,0,0,0,0,0,0,
	192,192,224,224,240,240,255,255,255,255,0,0,0,0,0,0,
	255,255,254,254,254,254,254,254,254,254,254,254,252,252,252,252,
	1,1,1,1,3,3,3,3,7,7,7,7,7,7,15,15,
	252,252,252,252,248,248,240,240,240,240,224,224,224,224,192,192,
	0,0,0,0,0,0,0,0,1,1,3,3,31,31,0,0,
	31,31,63,63,62,62,124,124,248,248,224,224,128,128,0,0,
	128,128,0,0,0,0,0,0,0,0,0,0,0,0,0,0
};
const unsigned int _map[] = {
	0,1,2,3,4,5,6,4,7,8,4,9,10,4,11,12,
	13,14,15,16,17,18,19,20,21,22,20,21,22,20,21,22,
	20,23,24,25,26,27,28,29,30,31,21,32,33,21,34,35,
	36,37,38,39,40,41,42,43,44,45,46,47,21,48,49,21,
	50,51,52,21,53,54,55,56,21,57,58,21,59,60,61,62,
	60,63,64,65,66,67,68,21,69,70,71,72,73,74,75,76,
	77,78,79,21,80,81,82,21,83,84,85,86,21,87,88,89,
	90,21,91,92,93,22,4,94,95,4,96,50,97,98,99,72,
	73,100,101,102,21,103,104,21,105,106,21,107,21,21,108,21,
	109,110,111,112,113,114,115,116,117,118,119,120,121,21,122,123,
	124,125,126,127,128,129,20,130,131,132,78,133,134,135,21,136,
	137,138,139,140
};
const bitmap _adigits = {3, 60, 0};
